2023-04-02 23:43:31.098510 - Initialized conversion of CBT358
2023-04-02 23:43:31.349109 - Received CBT.V504.FILE358.PDS from FILE358.XMI 
2023-04-02 23:43:31.351685 - Found $$$#DATE.txt (text/plain) in CBT.V504.FILE358.PDS, moved to PDS/$$$#DATE
2023-04-02 23:43:31.353313 - Found $$$NOTE1.txt (text/plain) in CBT.V504.FILE358.PDS, moved to PDS/$$$NOTE1
2023-04-02 23:43:31.354382 - Found $$CHANGE.txt (text/plain) in CBT.V504.FILE358.PDS, moved to PDS/$$CHANGE
2023-04-02 23:43:31.355407 - Found $$DESCR.txt (text/plain) in CBT.V504.FILE358.PDS, moved to PDS/$$DESCR
2023-04-02 23:43:31.356637 - Found $$INFO.txt (text/plain) in CBT.V504.FILE358.PDS, moved to PDS/$$INFO
2023-04-02 23:43:31.357722 - Found $$INSTAL.txt (text/plain) in CBT.V504.FILE358.PDS, moved to PDS/$$INSTAL
2023-04-02 23:43:31.358654 - Found $$NEWDOC.txt (text/plain) in CBT.V504.FILE358.PDS, moved to PDS/$$NEWDOC
2023-04-02 23:43:31.359764 - Found $ACTIVE.txt (text/plain) in CBT.V504.FILE358.PDS, moved to PDS/$ACTIVE
2023-04-02 23:43:31.360741 - Found $ASM.txt (text/plain) in CBT.V504.FILE358.PDS, moved to PDS/$ASM
2023-04-02 23:43:31.361615 - Found $JOURNAL.txt (text/plain) in CBT.V504.FILE358.PDS, moved to PDS/$JOURNAL
2023-04-02 23:43:31.362479 - Found $RECEIVE.rexx (text/plain) in CBT.V504.FILE358.PDS, moved to PDS/$RECEIVE
2023-04-02 23:43:31.363664 - Found @FILE358.txt (text/plain) in CBT.V504.FILE358.PDS, moved to PDS/@FILE358
2023-04-02 23:43:31.584686 - Found ASM.xmi (application/xmit) in CBT.V504.FILE358.PDS
2023-04-02 23:43:31.602926   - Received to CBT358/SOUTSYS.ASM
2023-04-02 23:43:31.604053 - Found IEALPA00.txt (text/plain) in CBT.V504.FILE358.PDS, moved to PDS/IEALPA00
2023-04-02 23:43:31.605015 - Found ISPFSOUT.txt (text/plain) in CBT.V504.FILE358.PDS, moved to PDS/ISPFSOUT
2023-04-02 23:43:31.612313 - Found ISPMLIB.xmi (application/xmit) in CBT.V504.FILE358.PDS
2023-04-02 23:43:31.616063   - Received to CBT358/SOUTSYS.ISPMLIB
2023-04-02 23:43:31.664059 - Found ISPPLIB.xmi (application/xmit) in CBT.V504.FILE358.PDS
2023-04-02 23:43:31.676003   - Received to CBT358/SOUTSYS.ISPPLIB
2023-04-02 23:43:31.683993 - Found ISPSLIB.xmi (application/xmit) in CBT.V504.FILE358.PDS
2023-04-02 23:43:31.687391   - Received to CBT358/SOUTSYS.ISPSLIB
2023-04-02 23:43:31.857233 - Found MACLIB.xmi (application/xmit) in CBT.V504.FILE358.PDS
2023-04-02 23:43:31.888485   - Received to CBT358/SOUTSYS.MACLIB
2023-04-02 23:43:31.909699 - Found PARMLIB.xmi (application/xmit) in CBT.V504.FILE358.PDS
2023-04-02 23:43:31.916433   - Received to CBT358/SOUTSYS.PARMLIB
2023-04-02 23:43:31.943889 - Found PROCLIB.xmi (application/xmit) in CBT.V504.FILE358.PDS
2023-04-02 23:43:31.950446   - Received to CBT358/SOUTSYS.PROCLIB
